0
0
0
0
0
0
0
0
0
0
0
0
0
0
0
0
72
78
46
55
50
30
37
28
23
25
27
29
31
31
28
38
24
28
49
41
39
44
38
40
25
34
42
36
28
24
33
39
36
37
43
26
38
34
36
31
42
30
35
26
23
29
29
23
30
31
27
26
21
37
19
23
19
27
28
16
24
23
28
20
25
31
36
38
39
36
38
39
40
51
33
41
36
24
39
29
25
17
31
23
34
20
24
22
23
24
25
21
28
17
31
16
25
19
17
19
16
25
12
20
19
17
21
21
13
22
15
23
24
20
15
24
11
21
18
14
17
24
26
19
10
17
11
19
24
12
16
14
14
12
18
20
17
29
15
20
13
15
22
13
17
15
19
21
21
15
19
15
15
20
26
25
24
45
44
33
33
35
46
34
34
31
22
30
21
27
22
20
29
24
30
17
20
18
18
20
16
15
15
19
22
30
29
43
80
128
454
2027
4936
5975
6004
5472
4748
2536
644
80
34
26
30
19
30
30
25
20
18
19
32
23
21
22
16
19
24
15
24
18
23
21
22
25
21
21
25
20
25
20
20
25
28
27
20
16
23
20
26
31
18
24
19
15
31
18
20
28
12
16
24
23
27
19
25
17
20
15
19
20
21
29
27
16
16
18
17
15
18
26
22
30
36
65
127
132
132
145
118
91
54
27
18
19
15
25
21
23
25
20
22
11
19
30
14
19
19
16
16
23
21
15
12
22
22
18
14
14
16
22
23
14
23
14
16
20
21
26
17
13
18
24
12
18
21
19
20
21
20
22
20
24
29
27
18
14
20
19
11
18
17
17
13
23
18
16
24
22
15
26
17
24
15
25
11
25
26
22
19
22
17
24
22
25
25
18
26
24
12
19
21
21
18
22
26
20
29
26
22
32
28
17
18
29
17
23
23
19
17
15
16
27
26
17
14
17
18
24
22
20
19
28
19
24
28
21
18
25
14
25
20
15
14
16
14
21
23
17
29
14
18
20
23
16
28
23
20
25
22
27
20
21
22
16
17
28
26
22
17
22
25
17
29
28
26
17
20
23
25
21
23
18
21
26
26
19
28
30
21
28
16
15
30
28
23
22
24
33
27
24
30
32
33
35
33
28
43
32
38
41
36
45
44
33
30
29
25
37
16
44
32
36
33
40
35
46
34
35
44
25
28
50
34
31
29
37
38
30
32
26
34
31
32
38
36
30
33
42
42
44
46
37
33
29
44
38
47
36
40
40
30
38
28
36
40
37
34
40
32
30
35
30
38
44
40
48
48
45
40
38
45
40
34
45
42
33
45
38
33
32
43
30
34
29
29
36
31
27
36
35
32
32
24
31
29
31
30
25
34
31
22
28
15
27
24
23
14
30
21
24
17
30
31
22
20
35
28
15
33
23
29
29
34
33
28
27
32
27
20
35
44
33
21
24
23
27
27
20
22
29
16
20
27
15
25
30
36
22
21
30
22
27
28
38
29
19
25
23
23
33
47
47
46
52
64
62
58
60
58
68
54
64
48
47
33
48
28
48
29
35
31
38
37
31
35
29
42
37
51
53
95
138
179
346
535
762
965
1158
1402
1559
1688
1755
1687
1624
1343
1226
967
781
636
471
301
167
98
71
48
41
47
55
64
121
161
306
453
619
661
783
843
1003
1106
1152
1213
1145
962
864
707
666
546
442
352
170
96
68
58
48
64
61
107
214
395
667
839
862
933
1008
1023
1175
1173
1247
1149
1019
907
867
749
741
632
535
300
152
85
43
29
36
36
37
42
44
29
46
39
31
46
35
35
34
47
37
38
34
42
34
26
35
40
29
46
31
30
31
32
52
57
47
64
64
69
76
73
93
87
73
66
63
59
40
55
29
38
41
25
28
17
26
22
30
36
30
27
25
25
27
21
26
58
34
46
43
44
38
48
45
44
42
50
40
42
56
50
48
72
51
51
58
45
40
41
48
101
40
39
34
43
38
56
64
105
169
277
426
639
869
1013
1152
1146
1194
1276
1231
1336
1294
1169
1307
1275
1210
1146
1152
1125
1057
931
941
779
600
437
294
219
184
170
149
137
141
146
155
180
232
178
163
162
151
135
127
132
139
84
77
63
72
54
71
59
77
72
61
65
64
65
71
69
77
74
69
67
72
65
75
62
61
54
52
51
62
60
59
64
40
55
47
47
55
46
40
52
53
57
58
64
76
74
84
59
68
41
58
40
40
52
44
38
50
50
36
42
47
62
36
65
71
89
126
157
151
237
259
317
311
352
459
447
474
455
473
431
394
345
324
262
254
203
188
200
237
247
296
371
439
476
539
537
571
588
563
540
502
408
355
269
227
175
125
98
104
129
109
136
150
159
199
186
192
183
173
158
152
135
121
97
78
67
68
50
49
27
30
32
30
28
31
27
38
29
32
25
38
30
36
21
26
14
26
20
23
25
21
38
44
119
867
941
97
29
28
33
30
29
24
19
31
26
34
39
44
57
57
68
90
96
97
81
75
86
70
53
52
36
44
41
39
41
52
40
52
58
43
45
46
49
46
84
148
276
502
881
1360
1726
2144
2641
3190
3849
4674
5701
6701
6893
6662
5417
4604
3746
3000
2459
2144
1830
1690
1245
954
819
750
838
1078
1533
2144
2445
1815
1272
965
683
675
774
917
1009
1015
951
967
1124
1799
3235
6791
13607
22996
21549
12380
5781
2662
1432
904
759
708
661
618
465
279
176
148
158
219
318
336
203
124
92
78
70
58
67
77
64
53
57
72
46
42
45
43
53
38
51
47
56
51
38
49
56
33
59
44
45
45
53
51
60
51
47
39
53
36
49
39
52
51
49
45
40
34
47
40
41
41
51
45
30
49
44
41
46
51
40
50
52
57
48
46
43
34
40
33
45
33
29
29
30
33
24
20
33
24
26
36
28
21
27
32
34
23
27
30
24
29
30
20
35
27
33
40
39
43
27
58
40
47
48
38
47
32
40
51
46
63
107
155
161
119
75
43
38
43
39
48
46
44
60
46
50
51
51
38
42
30
37
38
50
59
88
94
127
144
157
201
241
248
225
264
249
190
192
185
165
171
193
209
296
345
402
437
474
436
466
425
359
325
307
185
170
144
126
110
95
113
103
87
78
85
93
79
72
54
51
58
42
32
22
25
26
29
35
34
24
23
24
28
24
18
16
31
22
20
26
30
23
25
14
33
23
22
25
29
29
34
21
22
27
28
37
31
20
40
35
25
38
39
47
44
34
38
44
33
36
39
50
77
161
343
504
700
777
960
1017
1179
1185
1296
1389
1486
1535
1501
1292
1228
1146
1105
973
880
812
805
1100
1524
2357
3509
3911
3271
1927
1130
548
266
130
106
73
63
69
74
70
79
93
80
62
50
35
33
29
43
28
37
29
31
29
30
40
27
29
36
25
38
27
29
20
24
30
27
34
32
34
31
30
39
38
23
37
26
27
28
28
27
24
31
27
27
34
27
21
29
33
29
21
28
27
18
26
27
29
24
27
29
21
24
35
29
25
22
19
38
24
33
29
38
28
33
38
38
39
25
34
35
38
32
27
44
32
30
27
32
34
27
27
28
36
35
45
33
33
39
24
45
35
33
29
28
35
26
37
31
41
30
22
29
25
36
21
33
31
34
28
20
30
25
33
50
46
59
47
84
85
74
83
88
87
88
75
76
77
101
122
211
358
517
690
815
855
779
555
457
273
220
183
153
167
164
187
269
267
265
173
135
117
108
85
78
79
82
64
76
77
71
91
58
49
75
65
95
67
56
60
66
54
65
57
70
67
66
53
28
40
35
41
36
30
36
36
35
31
27
35
44
31
27
43
48
89
186
256
365
459
508
572
681
972
1625
3040
6266
11937
12584
6562
2817
1295
791
632
567
498
418
343
297
296
229
125
77
41
47
42
41
36
35
45
41
33
35
28
35
22
33
24
24
38
24
31
40
32
33
28
32
30
27
28
23
28
37
36
27
35
25
23
26
34
35
24
18
37
33
32
30
32
30
22
29
28
29
33
30
29
28
19
29
31
23
21
27
34
29
34
18
29
15
27
35
28
32
29
23
25
29
17
30
25
28
28
24
32
28
26
28
22
26
29
26
27
28
30
25
27
39
24
43
26
32
40
33
33
24
32
28
21
34
31
22
29
27
28
25
29
26
25
23
30
42
39
45
60
60
97
95
75
71
73
99
222
414
562
737
867
899
859
775
662
653
955
2973
7263
11221
13053
13547
13307
13146
12099
10373
5945
1952
461
297
313
358
335
361
340
291
231
160
63
41
40
35
31
37
41
37
27
33
35
26
22
32
32
31
37
30
32
34
27
32
35
31
27
31
22
24
32
26
23
28
41
23
14
32
25
21
31
30
27
29
20
27
29
28
26
34
24
26
32
30
27
24
16
35
21
28
33
23
20
42
23
21
32
30
26
32
31
31
24
16
26
31
29
21
28
16
24
25
29
23
32
28
22
27
34
25
32
30
25
31
24
21
30
33
31
19
29
19
17
23
31
31
25
25
27
30
30
23
27
25
18
25
29
27
27
19
28
31
24
21
34
25
29
19
23
32
31
22
24
25
23
18
26
36
18
27
22
30
24
34
25
20
25
27
28
29
27
21
32
35
23
28
23
33
25
28
48
83
104
69
47
31
28
24
26
43
50
172
187
104
52
39
29
28
34
52
113
477
653
315
72
47
25
25
26
39
28
35
27
29
39
21
38
30
31
39
26
19
16
23
32
30
24
24
32
27
31
26
24
22
24
27
29
26
24
22
17
20
29
36
25
17
33
32
24
34
24
23
23
31
35
28
27
36
28
30
23
17
29
29
23
24
32
36
26
28
26
30
22
24
33
23
24
45
15
28
29
29
23
23
29
26
28
22
33
24
22
29
31
28
36
26
32
26
29
26
19
25
30
26
22
33
24
29
30
21
27
32
24
27
18
29
36
27
25
27
14
16
21
32
30
27
23
21
19
22
24
32
28
31
31
20
27
19
20
40
22
25
19
26
32
25
22
22
23
33
29
29
30
23
20
19
25
25
28
22
38
29
31
29
28
33
27
26
29
24
32
20
27
24
22
18
36
24
26
26
24
29
34
17
22
25
23
29
29
27
30
19
25
38
20
35
24
28
19
26
24
34
28
32
28
28
27
27
30
25
26
38
34
18
25
27
20
27
22
28
26
28
25
29
18
23
33
26
24
26
17
25
25
32
26
35
24
21
28
32
23
24
28
30
31
23
21
25
29
19
29
33
29
21
35
17
30
36
34
25
32
21
26
31
33
18
28
20
25
19
26
23
29
19
29
17
19
26
19
27
26
23
29
25
17
25
23
39
24
27
26
35
27
23
21
36
25
18
30
27
25
33
27
26
27
32
31
24
21
29
26
22
31
26
30
26
24
27
21
32
27
27
27
29
23
21
26
24
20
26
22
22
34
23
18
25
24
18
26
21
25
30
25
28
22
36
26
19
28
21
32
22
20
30
11
23
28
14
19
33
30
29
28
19
21
32
29
24
34
23
32
33
32
27
23
24
36
22
23
21
28
26
17
24
31
26
25
25
22
26
31
22
32
26
29
19
25
32
27
16
19
34
32
30
26
28
27
28
33
22
24
18
34
21
28
22
24
30
28
38
27
28
28
29
27
22
25
22
33
30
34
23
31
25
29
20
13
24
29
21
20
23
24
26
30
23
28
41
30
26
14
22
31
27
25
19
27
19
29
22
35
33
34
26
19
28
30
24
36
31
24
26
23
22
30
24
31
25
24
30
28
28
19
29
32
25
35
20
16
24
25
21
26
23
21
28
27
35
21
28
26
25
24
28
28
41
26
28
24
20
20
23
26
25
26
25
22
22
31
26
22
21
25
33
27
32
18
17
33
21
25
27
26
24
27
18
20
21
25
26
28
29
29
31
30
22
21
32
28
21
25
29
38
22
26
30
30
26
24
27
27
21
26
26
26
25
33
21
18
23
31
33
28
25
23
16
24
22
26
27
20
28
33
30
24
25
31
29
32
28
32
24
23
21
39
23
28
32
22
44
21
31
28
22
19
30
27
20
26
24
30
30
26
31
33
22
33
33
23
22
27
24
23
22
25
36
23
29
30
32
20
26
25
25
28
24
24
34
23
27
44
29
24
29
33
27
31
25
24
31
34
19
24
19
32
20
23
29
26
22
27
40
22
34
20
30
21
16
28
27
23
36
36
26
27
36
18
19
30
25
19
23
23
24
28
25
17
40
21
28
14
28
18
36
30
30
12
27
23
23
17
28
29
34
20
28
36
20
29
29
22
29
22
29
22
28
27
27
19
39
24
30
22
22
23
27
27
26
27
23
29
21
27
22
26
30
31
21
20
33
31
26
16
24
33
21
26
23
35
19
24
29
16
23
24
32
20
25
20
12
20
33
18
20
32
26
24
27
27
33
16
31
17
32
27
22
25
26
26
22
30
31
27
26
30
27
28
26
36
26
27
29
33
31
23
31
32
20
22
32
26
28
29
26
30
34
21
23
21
26
35
26
23
33
25
22
23
25
26
30
15
22
26
30
26
29
22
26
31
24
28
21
30
32
32
23
29
18
26
34
36
24
27
30
27
24
31
25
31
20
37
24
27
34
26
19
26
23
32
31
27
20
24
18
21
24
22
14
22
22
25
17
20
20
33
22
21
27
18
28
27
31
20
32
21
22
29
23
26
34
27
21
20
25
32
17
35
21
22
28
38
32
17
24
25
25
17
17
25
22
21
21
25
26
26
25
24
32
21
29
31
34
24
18
27
22
21
28
17
21
16
18
31
22
35
31
23
20
21
19
25
28
24
31
28
27
29
39
27
30
23
35
35
24
27
31
23
26
26
29
22
33
24
31
25
21
27
32
28
27
26
25
25
26
21
18
21
22
32
31
33
31
24
20
29
36
29
29
30
23
31
31
29
27
26
18
31
25
30
32
33
25
30
27
19
21